8.300000000000000433e-02
0.000000000000000000e+00
8.299288918864258791e-02
1.086436432421588640e-03
8.099306053349457357e-02
1.060257241278899634e-03
7.994670569137880822e-02
1.302014781390991791e-02
8.192069842449925532e-02
1.334163294511756664e-02
8.173904350001325037e-02
1.441279874635521645e-02
8.154338301121731580e-02
1.548149498872497531e-02
7.957848221576631353e-02
1.510844691670750785e-02
7.647121065181551602e-02
2.670494226628576315e-02
7.835938869260107575e-02
2.736432355681133952e-02
7.799448752523040207e-02
2.838767189603050300e-02
7.761622240393899197e-02
2.940615615381042200e-02
7.574595198456694767e-02
2.869757407781498362e-02
7.067217657289656674e-02
3.957832056125335646e-02
7.241716858704216886e-02
4.055556304424726144e-02
7.188010851410843449e-02
4.149999999999999523e-02
7.133073215462057415e-02
4.243732614439531953e-02
6.961191933161767209e-02
4.141473997224121711e-02
6.272580417065702629e-02
5.124913161356380031e-02
6.427458945882140451e-02
5.251454227068883679e-02
6.358168877887518389e-02
5.335137160398276124e-02
6.287789370387612820e-02
5.417905945440596588e-02
6.136276373510802379e-02
5.287353994948051916e-02
5.287353994948051916e-02
6.136276373510800297e-02
5.417905945440596588e-02
6.287789370387610044e-02
5.335137160398276818e-02
6.358168877887518389e-02
5.251454227068884373e-02
6.427458945882140451e-02
5.124913161356380725e-02
6.272580417065702629e-02
4.141473997224122405e-02
6.961191933161767209e-02
4.243732614439534034e-02
7.133073215462057415e-02
4.150000000000000910e-02
7.188010851410840674e-02
4.055556304424726144e-02
7.241716858704214110e-02
3.957832056125335646e-02
7.067217657289656674e-02
2.869757407781499750e-02
7.574595198456694767e-02
2.940615615381042547e-02
7.761622240393895034e-02
2.838767189603050994e-02
7.799448752523038819e-02
2.736432355681134299e-02
7.835938869260107575e-02
2.670494226628576662e-02
7.647121065181551602e-02
1.510844691670751652e-02
7.957848221576628578e-02
1.548149498872498399e-02
8.154338301121728805e-02
1.441279874635522339e-02
8.173904350001325037e-02
1.334163294511756664e-02
8.192069842449925532e-02
1.302014781390991791e-02
7.994670569137880822e-02
1.060257241278910693e-03
8.099306053349457357e-02
1.086436432421599698e-03
8.299288918864258791e-02
5.082284216461516112e-18
8.300000000000000433e-02
-1.086436432421589724e-03
8.299288918864258791e-02
-1.060257241278900718e-03
8.099306053349457357e-02
-1.302014781390990750e-02
7.994670569137880822e-02
-1.334163294511755797e-02
8.192069842449925532e-02
-1.441279874635521298e-02
8.173904350001325037e-02
-1.548149498872497531e-02
8.154338301121728805e-02
-1.510844691670750785e-02
7.957848221576628578e-02
-2.670494226628576315e-02
7.647121065181552990e-02
-2.736432355681134299e-02
7.835938869260111739e-02
-2.838767189603048566e-02
7.799448752523040207e-02
-2.940615615381042547e-02
7.761622240393899197e-02
-2.869757407781498709e-02
7.574595198456694767e-02
-3.957832056125335646e-02
7.067217657289656674e-02
-4.055556304424726144e-02
7.241716858704214110e-02
-4.149999999999998135e-02
7.188010851410842061e-02
-4.243732614439531259e-02
7.133073215462058803e-02
-4.141473997224121711e-02
6.961191933161768597e-02
-5.124913161356379337e-02
6.272580417065704017e-02
-5.251454227068882291e-02
6.427458945882141839e-02
-5.335137160398276124e-02
6.358168877887518389e-02
-5.417905945440595894e-02
6.287789370387610044e-02
-5.287353994948051222e-02
6.136276373510800297e-02
-6.136276373510803073e-02
5.287353994948051222e-02
-6.287789370387612820e-02
5.417905945440595894e-02
-6.358168877887517001e-02
5.335137160398278205e-02
-6.427458945882140451e-02
5.251454227068884373e-02
-6.272580417065702629e-02
5.124913161356380725e-02
-6.961191933161767209e-02
4.141473997224122405e-02
-7.133073215462057415e-02
4.243732614439533340e-02
-7.188010851410839286e-02
4.150000000000002992e-02
-7.241716858704216886e-02
4.055556304424725450e-02
-7.067217657289656674e-02
3.957832056125333564e-02
-7.574595198456696155e-02
2.869757407781496628e-02
-7.761622240393899197e-02
2.940615615381040118e-02
-7.799448752523038819e-02
2.838767189603051688e-02
-7.835938869260108963e-02
2.736432355681134992e-02
-7.647121065181551602e-02
2.670494226628577702e-02
-7.957848221576631353e-02
1.510844691670750785e-02
-8.154338301121731580e-02
1.548149498872497531e-02
-8.173904350001327812e-02
1.441279874635521124e-02
-8.192069842449922756e-02
1.334163294511758746e-02
-7.994670569137878047e-02
1.302014781390993699e-02
-8.099306053349457357e-02
1.060257241278915680e-03
-8.299288918864258791e-02
1.086436432421604903e-03
-8.300000000000000433e-02
1.016456843292303222e-17
-8.299288918864258791e-02
-1.086436432421568040e-03
-8.099306053349457357e-02
-1.060257241278879685e-03
-7.994670569137880822e-02
-1.302014781390990403e-02
-8.192069842449925532e-02
-1.334163294511755277e-02
-8.173904350001327812e-02
-1.441279874635517655e-02
-8.154338301121731580e-02
-1.548149498872493889e-02
-7.957848221576629966e-02
-1.510844691670746968e-02
-7.647121065181552990e-02
-2.670494226628573886e-02
-7.835938869260111739e-02
-2.736432355681131870e-02
-7.799448752523040207e-02
-2.838767189603048219e-02
-7.761622240393899197e-02
-2.940615615381040118e-02
-7.574595198456694767e-02
-2.869757407781500097e-02
-7.067217657289656674e-02
-3.957832056125334258e-02
-7.241716858704214110e-02
-4.055556304424728226e-02
-7.188010851410842061e-02
-4.149999999999999523e-02
-7.133073215462060190e-02
-4.243732614439529177e-02
-6.961191933161769985e-02
-4.141473997224119630e-02
-6.272580417065705405e-02
-5.124913161356378644e-02
-6.427458945882141839e-02
-5.251454227068881597e-02
-6.358168877887521164e-02
-5.335137160398272654e-02
-6.287789370387608656e-02
-5.417905945440597282e-02
-6.136276373510799603e-02
-5.287353994948052610e-02
-5.287353994948054692e-02
-6.136276373510799603e-02
-5.417905945440599363e-02
-6.287789370387610044e-02
-5.335137160398279593e-02
-6.358168877887515613e-02
-5.251454227068886454e-02
-6.427458945882139063e-02
-5.124913161356382807e-02
-6.272580417065701242e-02
-4.141473997224127263e-02
-6.961191933161764434e-02
-4.243732614439537504e-02
-7.133073215462054639e-02
-4.150000000000005074e-02
-7.188010851410839286e-02
-4.055556304424731001e-02
-7.241716858704215498e-02
-3.957832056125339115e-02
-7.067217657289655286e-02
-2.869757407781503566e-02
-7.574595198456693379e-02
-2.940615615381047404e-02
-7.761622240393896421e-02
-2.838767189603048566e-02
-7.799448752523040207e-02
-2.736432355681139156e-02
-7.835938869260108963e-02
-2.670494226628581519e-02
-7.647121065181552990e-02
-1.510844691670757897e-02
-7.957848221576627190e-02
-1.548149498872505164e-02
-8.154338301121730193e-02
-1.441279874635521298e-02
-8.173904350001325037e-02
-1.334163294511755797e-02
-8.192069842449925532e-02
-1.302014781390990750e-02
-7.994670569137880822e-02
-1.060257241278918716e-03
-8.099306053349457357e-02
-1.086436432421608155e-03
-8.299288918864258791e-02
-1.334741799231608419e-17
-8.300000000000000433e-02
1.086436432421581267e-03
-8.299288918864258791e-02
1.060257241278892695e-03
-8.099306053349457357e-02
1.302014781390987974e-02
-7.994670569137879435e-02
1.334163294511753022e-02
-8.192069842449925532e-02
1.441279874635519043e-02
-8.173904350001327812e-02
1.548149498872495276e-02
-8.154338301121731580e-02
1.510844691670748356e-02
-7.957848221576629966e-02
2.670494226628572151e-02
-7.647121065181554378e-02
2.736432355681129788e-02
-7.835938869260111739e-02
2.838767189603053076e-02
-7.799448752523038819e-02
2.940615615381037690e-02
-7.761622240393899197e-02
2.869757407781494546e-02
-7.574595198456696155e-02
3.957832056125329401e-02
-7.067217657289659449e-02
4.055556304424721287e-02
-7.241716858704221049e-02
4.149999999999995359e-02
-7.188010851410844837e-02
4.243732614439534034e-02
-7.133073215462057415e-02
4.141473997224122405e-02
-6.961191933161764434e-02
5.124913161356380031e-02
-6.272580417065705405e-02
5.251454227068882291e-02
-6.427458945882141839e-02
5.335137160398276124e-02
-6.358168877887518389e-02
5.417905945440596588e-02
-6.287789370387611432e-02
5.287353994948051916e-02
-6.136276373510800991e-02
6.136276373510800297e-02
-5.287353994948054692e-02
6.287789370387610044e-02
-5.417905945440599363e-02
6.358168877887517001e-02
-5.335137160398278899e-02
6.427458945882139063e-02
-5.251454227068885067e-02
6.272580417065702629e-02
-5.124913161356382113e-02
6.961191933161764434e-02
-4.141473997224125875e-02
7.133073215462054639e-02
-4.243732614439536810e-02
7.188010851410842061e-02
-4.149999999999997441e-02
7.241716858704216886e-02
-4.055556304424730307e-02
7.067217657289655286e-02
-3.957832056125338421e-02
7.574595198456690603e-02
-2.869757407781504260e-02
7.761622240393895034e-02
-2.940615615381047404e-02
7.799448752523040207e-02
-2.838767189603048913e-02
7.835938869260108963e-02
-2.736432355681139156e-02
7.647121065181552990e-02
-2.670494226628581519e-02
7.957848221576627190e-02
-1.510844691670758591e-02
8.154338301121730193e-02
-1.548149498872505858e-02
8.173904350001325037e-02
-1.441279874635522339e-02
8.192069842449925532e-02
-1.334163294511756491e-02
7.994670569137880822e-02
-1.302014781390991444e-02
8.099306053349457357e-02
-1.060257241278925438e-03
8.299288918864258791e-02
-1.086436432421615094e-03
8.000000000000000167e-02
0.000000000000000000e+00
4.898587196589412767e-18
8.000000000000000167e-02
-8.000000000000000167e-02
9.797174393178825534e-18
-1.286498119741309379e-17
-8.000000000000000167e-02
7.358278137433775512e-02
-1.165436764549719964e-02
7.802737890701590129e-02
-1.235832273817823873e-02
7.802737890701590129e-02
1.235832273817823873e-02
7.358278137433775512e-02
1.165436764549719964e-02
6.955174177404152558e-02
2.669841224112486436e-02
7.375285369327894136e-02
2.831106801407871215e-02
6.139453095510070263e-02
4.971631089293715444e-02
5.789737412854432941e-02
4.688436913321288035e-02
4.688436913321290811e-02
5.789737412854431553e-02
4.971631089293718220e-02
6.139453095510068181e-02
2.831106801407872950e-02
7.375285369327894136e-02
2.669841224112487824e-02
6.955174177404152558e-02
1.165436764549720311e-02
7.358278137433775512e-02
1.235832273817824567e-02
7.802737890701590129e-02
-1.235832273817823700e-02
7.802737890701590129e-02
-1.165436764549719444e-02
7.358278137433775512e-02
-2.669841224112485395e-02
6.955174177404153946e-02
-2.831106801407870521e-02
7.375285369327894136e-02
-4.971631089293714750e-02
6.139453095510071651e-02
-4.688436913321287342e-02
5.789737412854434329e-02
-5.789737412854431553e-02
4.688436913321290811e-02
-6.139453095510068181e-02
4.971631089293718220e-02
-7.375285369327892748e-02
2.831106801407875379e-02
-6.955174177404151170e-02
2.669841224112489905e-02
-7.358278137433775512e-02
1.165436764549720831e-02
-7.802737890701587353e-02
1.235832273817824740e-02
-7.802737890701588741e-02
-1.235832273817821271e-02
-7.358278137433775512e-02
-1.165436764549720831e-02
-6.955174177404152558e-02
-2.669841224112486436e-02
-7.375285369327894136e-02
-2.831106801407871562e-02
-6.139453095510070263e-02
-4.971631089293715444e-02
-5.789737412854435716e-02
-4.688436913321285954e-02
-4.688436913321292199e-02
-5.789737412854429471e-02
-4.971631089293719608e-02
-6.139453095510066793e-02
-2.831106801407875725e-02
-7.375285369327892748e-02
-2.669841224112490252e-02
-6.955174177404151170e-02
-1.165436764549721178e-02
-7.358278137433775512e-02
-1.235832273817825261e-02
-7.802737890701587353e-02
1.235832273817822485e-02
-7.802737890701588741e-02
1.165436764549718750e-02
-7.358278137433775512e-02
2.669841224112481579e-02
-6.955174177404155333e-02
2.831106801407866358e-02
-7.375285369327896912e-02
4.971631089293711281e-02
-6.139453095510073732e-02
4.688436913321284566e-02
-5.789737412854436410e-02
5.789737412854430165e-02
-4.688436913321291505e-02
6.139453095510067487e-02
-4.971631089293718914e-02
7.375285369327892748e-02
-2.831106801407876072e-02
6.955174177404151170e-02
-2.669841224112490946e-02
7.318040017928729990e-02
1.395990793663648075e-02
7.760069280756642929e-02
1.480312385227224199e-02
5.639613164605584983e-02
4.867983499726284691e-02
5.980260939648875812e-02
5.162022771521832670e-02
2.450056518202445299e-02
7.035603958269233404e-02
2.598046509234808177e-02
7.460573324876100532e-02
-1.395990793663648248e-02
7.318040017928729990e-02
-1.480312385227224546e-02
7.760069280756642929e-02
-4.867983499726282609e-02
5.639613164605587065e-02
-5.162022771521829895e-02
5.980260939648878588e-02
-7.035603958269232017e-02
2.450056518202449116e-02
-7.460573324876099144e-02
2.598046509234811993e-02
-7.318040017928729990e-02
-1.395990793663647728e-02
-7.760069280756641541e-02
-1.480312385227220556e-02
-5.639613164605586371e-02
-4.867983499726283997e-02
-5.980260939648879281e-02
-5.162022771521829201e-02
-2.450056518202449463e-02
-7.035603958269232017e-02
-2.598046509234812340e-02
-7.460573324876099144e-02
1.395990793663645993e-02
-7.318040017928729990e-02
1.480312385227221944e-02
-7.760069280756641541e-02
4.867983499726279834e-02
-5.639613164605589840e-02
5.162022771521827119e-02
-5.980260939648880669e-02
7.035603958269232017e-02
-2.450056518202449810e-02
7.460573324876097756e-02
-2.598046509234813381e-02
7.318040017928729990e-02
-1.395990793663648075e-02
7.760069280756642929e-02
-1.480312385227224199e-02
7.035603958269233404e-02
2.450056518202444952e-02
7.460573324876100532e-02
2.598046509234807483e-02
4.867983499726287466e-02
5.639613164605583595e-02
5.162022771521835446e-02
5.980260939648873730e-02
1.395990793663649115e-02
7.318040017928729990e-02
1.480312385227225240e-02
7.760069280756640153e-02
-2.450056518202443218e-02
7.035603958269233404e-02
-2.598046509234805748e-02
7.460573324876100532e-02
-5.639613164605584289e-02
4.867983499726286772e-02
-5.980260939648874424e-02
5.162022771521834058e-02
-7.318040017928729990e-02
1.395990793663647728e-02
-7.760069280756642929e-02
1.480312385227224199e-02
-7.035603958269233404e-02
-2.450056518202445993e-02
-7.460573324876100532e-02
-2.598046509234808524e-02
-4.867983499726288160e-02
-5.639613164605583595e-02
-5.162022771521836140e-02
-5.980260939648873730e-02
-1.395990793663648248e-02
-7.318040017928729990e-02
-1.480312385227224546e-02
-7.760069280756642929e-02
2.450056518202440789e-02
-7.035603958269234792e-02
2.598046509234803320e-02
-7.460573324876101919e-02
5.639613164605583595e-02
-4.867983499726288160e-02
5.980260939648873730e-02
-5.162022771521836140e-02
3.500000000000000333e-02
0.000000000000000000e+00
2.143131898507868374e-18
3.500000000000000333e-02
-3.500000000000000333e-02
4.286263797015736749e-18
-5.628429273868228533e-18
-3.500000000000000333e-02
1.029999999999999943e-01
0.000000000000000000e+00
1.029019668229313594e-01
4.492796898629608515e-03
8.292100239129419903e-02
3.620409151322888028e-03
1.021188207215024679e-01
1.344419779866531071e-02
1.014351985602574002e-01
1.788576229969382481e-02
8.228992349402626527e-02
1.083367395426428070e-02
1.005584887333531297e-01
2.229328023562459488e-02
8.103256859095449294e-02
1.796448795686254180e-02
9.823284592706736651e-02
3.097269734894013415e-02
9.678833994094855619e-02
3.522807476254387338e-02
7.915850691210284118e-02
2.495858135885466872e-02
9.515959184866253084e-02
3.941639353360424508e-02
7.668200119843680829e-02
3.176272488630245416e-02
9.136211581735682874e-02
4.756010716320849263e-02
8.920061658979717978e-02
5.149999999999999023e-02
7.362189915379240002e-02
3.832513489850781357e-02
8.686931891872720635e-02
5.534185965972285293e-02
7.000149000246952413e-02
4.459586749278637852e-02
8.171539404999721146e-02
6.270242718789821590e-02
7.890257764125475914e-02
6.620712379771355460e-02
6.584832724417252758e-02
5.052719860772381111e-02
7.593956569144277857e-02
6.958579138441299550e-02
6.119401895524029245e-02
5.607398723209978258e-02
6.958579138441302325e-02
7.593956569144277857e-02
6.620712379771355460e-02
7.890257764125474527e-02
5.607398723209981034e-02
6.119401895524029245e-02
6.270242718789822978e-02
8.171539404999721146e-02
5.052719860772383886e-02
6.584832724417249983e-02
5.534185965972285293e-02
8.686931891872720635e-02
5.150000000000000411e-02
8.920061658979715202e-02
4.459586749278638546e-02
7.000149000246951025e-02
4.756010716320850651e-02
9.136211581735681486e-02
3.832513489850782745e-02
7.362189915379240002e-02
3.941639353360425896e-02
9.515959184866254472e-02
3.522807476254388726e-02
9.678833994094855619e-02
3.176272488630246110e-02
7.668200119843682216e-02
3.097269734894013762e-02
9.823284592706733875e-02
2.495858135885467566e-02
7.915850691210281342e-02
2.229328023562460181e-02
1.005584887333531435e-01
1.788576229969382828e-02
1.014351985602574002e-01
1.796448795686254526e-02
8.103256859095449294e-02
1.344419779866532806e-02
1.021188207215024818e-01
1.083367395426429285e-02
8.228992349402626527e-02
4.492796898629609383e-03
1.029019668229313594e-01
6.306931015608868918e-18
1.029999999999999943e-01
3.620409151322889329e-03
8.292100239129419903e-02
-4.492796898629597240e-03
1.029019668229313594e-01
-3.620409151322878921e-03
8.292100239129419903e-02
-1.344419779866531418e-02
1.021188207215024679e-01
-1.788576229969381787e-02
1.014351985602574002e-01
-1.083367395426428417e-02
8.228992349402626527e-02
-2.229328023562458794e-02
1.005584887333531297e-01
-1.796448795686253139e-02
8.103256859095447906e-02
-3.097269734894013415e-02
9.823284592706736651e-02
-3.522807476254387338e-02
9.678833994094855619e-02
-2.495858135885467566e-02
7.915850691210284118e-02
-3.941639353360423814e-02
9.515959184866253084e-02
-3.176272488630244722e-02
7.668200119843680829e-02
-4.756010716320848569e-02
9.136211581735685650e-02
-5.149999999999998329e-02
8.920061658979720753e-02
-3.832513489850780664e-02
7.362189915379241389e-02
-5.534185965972282517e-02
8.686931891872723410e-02
-4.459586749278635076e-02
7.000149000246951025e-02
-6.270242718789818814e-02
8.171539404999722533e-02
-6.620712379771355460e-02
7.890257764125475914e-02
-5.052719860772379029e-02
6.584832724417254146e-02
-6.958579138441299550e-02
7.593956569144277857e-02
-5.607398723209978258e-02
6.119401895524029245e-02
-7.593956569144277857e-02
6.958579138441302325e-02
-7.890257764125473139e-02
6.620712379771356848e-02
-6.119401895524029245e-02
5.607398723209981034e-02
-8.171539404999718370e-02
6.270242718789824365e-02
-6.584832724417249983e-02
5.052719860772383886e-02
-8.686931891872720635e-02
5.534185965972288068e-02
-8.920061658979717978e-02
5.149999999999999023e-02
-7.000149000246949638e-02
4.459586749278640627e-02
-9.136211581735682874e-02
4.756010716320849263e-02
-7.362189915379240002e-02
3.832513489850781357e-02
-9.515959184866254472e-02
3.941639353360425896e-02
-9.678833994094857007e-02
3.522807476254389419e-02
-7.668200119843682216e-02
3.176272488630246110e-02
-9.823284592706733875e-02
3.097269734894014109e-02
-7.915850691210282730e-02
2.495858135885468260e-02
-1.005584887333531019e-01
2.229328023562462263e-02
-1.014351985602574141e-01
1.788576229969385950e-02
-8.103256859095446518e-02
1.796448795686256608e-02
-1.021188207215024818e-01
1.344419779866535582e-02
-8.228992349402626527e-02
1.083367395426431540e-02
-1.029019668229313178e-01
4.492796898629660557e-03
-1.029999999999999943e-01
1.261386203121773784e-17
-8.292100239129419903e-02
3.620409151322931396e-03
-1.029019668229313594e-01
-4.492796898629570351e-03
-8.292100239129419903e-02
-3.620409151322857670e-03
-1.021188207215024957e-01
-1.344419779866526388e-02
-1.014351985602574280e-01
-1.788576229969377276e-02
-8.228992349402629303e-02
-1.083367395426424427e-02
-1.005584887333531435e-01
-2.229328023562453590e-02
-8.103256859095447906e-02
-1.796448795686248975e-02
-9.823284592706739426e-02
-3.097269734894006130e-02
-9.678833994094855619e-02
-3.522807476254384562e-02
-7.915850691210286894e-02
-2.495858135885462015e-02
-9.515959184866253084e-02
-3.941639353360425202e-02
-7.668200119843680829e-02
-3.176272488630246110e-02
-9.136211581735687037e-02
-4.756010716320845794e-02
-8.920061658979719366e-02
-5.149999999999999717e-02
-7.362189915379242777e-02
-3.832513489850778582e-02
-8.686931891872722022e-02
-5.534185965972284599e-02
-7.000149000246951025e-02
-4.459586749278637158e-02
-8.171539404999721146e-02
-6.270242718789818814e-02
-7.890257764125475914e-02
-6.620712379771354072e-02
-6.584832724417252758e-02
-5.052719860772379723e-02
-7.593956569144279245e-02
-6.958579138441298162e-02
-6.119401895524028551e-02
-5.607398723209980340e-02
-6.958579138441302325e-02
-7.593956569144273694e-02
-6.620712379771359624e-02
-7.890257764125471751e-02
-5.607398723209982422e-02
-6.119401895524027163e-02
-6.270242718789821590e-02
-8.171539404999721146e-02
-5.052719860772384580e-02
-6.584832724417249983e-02
-5.534185965972290844e-02
-8.686931891872720635e-02
-5.150000000000005962e-02
-8.920061658979716590e-02
-4.459586749278642015e-02
-7.000149000246949638e-02
-4.756010716320852733e-02
-9.136211581735682874e-02
-3.832513489850786909e-02
-7.362189915379237226e-02
-3.941639353360430059e-02
-9.515959184866250309e-02
-3.522807476254393583e-02
-9.678833994094854232e-02
-3.176272488630250274e-02
-7.668200119843678053e-02
-3.097269734894020354e-02
-9.823284592706735263e-02
-2.495858135885473117e-02
-7.915850691210284118e-02
-2.229328023562467120e-02
-1.005584887333530880e-01
-1.788576229969381787e-02
-1.014351985602574002e-01
-1.796448795686260425e-02
-8.103256859095445130e-02
-1.344419779866531418e-02
-1.021188207215024679e-01
-1.083367395426428417e-02
-8.228992349402626527e-02
-4.492796898629619791e-03
-1.029019668229313594e-01
-1.656366329166935610e-17
-1.029999999999999943e-01
-3.620409151322897569e-03
-8.292100239129419903e-02
4.492796898629586831e-03
-1.029019668229313594e-01
3.620409151322871114e-03
-8.292100239129419903e-02
1.344419779866528122e-02
-1.021188207215024957e-01
1.788576229969379011e-02
-1.014351985602574280e-01
1.083367395426425815e-02
-8.228992349402629303e-02
2.229328023562455324e-02
-1.005584887333531435e-01
1.796448795686250363e-02
-8.103256859095447906e-02
3.097269734894007864e-02
-9.823284592706738039e-02
3.522807476254381787e-02
-9.678833994094855619e-02
2.495858135885462709e-02
-7.915850691210285506e-02
3.941639353360418957e-02
-9.515959184866255860e-02
3.176272488630240559e-02
-7.668200119843682216e-02
4.756010716320843712e-02
-9.136211581735688425e-02
5.150000000000000411e-02
-8.920061658979715202e-02
3.832513489850776500e-02
-7.362189915379242777e-02
5.534185965972286680e-02
-8.686931891872722022e-02
4.459586749278639239e-02
-7.000149000246952413e-02
6.270242718789821590e-02
-8.171539404999721146e-02
6.620712379771355460e-02
-7.890257764125475914e-02
5.052719860772381805e-02
-6.584832724417252758e-02
6.958579138441299550e-02
-7.593956569144279245e-02
5.607398723209979646e-02
-6.119401895524029938e-02
7.593956569144273694e-02
-6.958579138441302325e-02
7.890257764125473139e-02
-6.620712379771358236e-02
6.119401895524027163e-02
-5.607398723209982422e-02
8.171539404999718370e-02
-6.270242718789824365e-02
6.584832724417249983e-02
-5.052719860772383886e-02
8.686931891872720635e-02
-5.534185965972290150e-02
8.920061658979716590e-02
-5.150000000000005268e-02
7.000149000246949638e-02
-4.459586749278641321e-02
9.136211581735681486e-02
-4.756010716320854120e-02
7.362189915379238614e-02
-3.832513489850785521e-02
9.515959184866250309e-02
-3.941639353360430753e-02
9.678833994094855619e-02
-3.522807476254394277e-02
7.668200119843678053e-02
-3.176272488630250274e-02
9.823284592706735263e-02
-3.097269734894020701e-02
7.915850691210284118e-02
-2.495858135885473464e-02
1.005584887333530880e-01
-2.229328023562468508e-02
1.014351985602574002e-01
-1.788576229969382481e-02
8.103256859095445130e-02
-1.796448795686261118e-02
1.021188207215024818e-01
-1.344419779866532459e-02
8.228992349402626527e-02
-1.083367395426429111e-02
1.029019668229313594e-01
-4.492796898629628465e-03
8.292100239129419903e-02
-3.620409151322904941e-03
1.199999999999999956e-01
0.000000000000000000e+00
7.347880794884118380e-18
1.199999999999999956e-01
-1.199999999999999956e-01
1.469576158976823676e-17
-1.929747179611963760e-17
-1.199999999999999956e-01
8.069177054543139049e-02
7.059615162560292471e-03
7.823999192941455405e-02
2.096434265330415422e-02
7.341093074996864198e-02
3.423207920099667623e-02
6.635131558740831048e-02
4.645969134443474202e-02
5.727564927611033391e-02
5.727564927611035472e-02
4.645969134443476978e-02
6.635131558740831048e-02
3.423207920099669010e-02
7.341093074996865586e-02
2.096434265330415769e-02
7.823999192941452629e-02
7.059615162560345381e-03
8.069177054543140437e-02
-7.059615162560282930e-03
8.069177054543140437e-02
-2.096434265330415769e-02
7.823999192941455405e-02
-3.423207920099661378e-02
7.341093074996866974e-02
-4.645969134443468651e-02
6.635131558740837987e-02
-5.727564927611034779e-02
5.727564927611035472e-02
-6.635131558740833824e-02
4.645969134443476978e-02
-7.341093074996861423e-02
3.423207920099668317e-02
-7.823999192941452629e-02
2.096434265330423749e-02
-8.069177054543137662e-02
7.059615162560386147e-03
-8.069177054543140437e-02
-7.059615162560315023e-03
-7.823999192941454017e-02
-2.096434265330416810e-02
-7.341093074996864198e-02
-3.423207920099666235e-02
-6.635131558740833824e-02
-4.645969134443476978e-02
-5.727564927611030615e-02
-5.727564927611037554e-02
-4.645969134443474202e-02
-6.635131558740832436e-02
-3.423207920099664847e-02
-7.341093074996865586e-02
-2.096434265330420973e-02
-7.823999192941454017e-02
-7.059615162560318492e-03
-8.069177054543140437e-02
7.059615162560289869e-03
-8.069177054543139049e-02
2.096434265330414382e-02
-7.823999192941454017e-02
3.423207920099660684e-02
-7.341093074996866974e-02
4.645969134443471427e-02
-6.635131558740835211e-02
5.727564927611032697e-02
-5.727564927611038248e-02
6.635131558740829660e-02
-4.645969134443478366e-02
7.341093074996861423e-02
-3.423207920099671092e-02
7.823999192941452629e-02
-2.096434265330427565e-02
8.069177054543140437e-02
-7.059615162560315023e-03
7.941670992784433114e-02
9.642934420425828407e-03
7.767534539408416094e-02
1.914525314300459177e-02
7.480129941483318334e-02
2.836839096340285082e-02
7.083648205225678840e-02
3.717785376350147414e-02
6.583870927149253205e-02
4.544517973849244996e-02
5.988085985368810787e-02
5.304981265926359685e-02
5.304981265926364542e-02
5.988085985368807318e-02
4.544517973849248466e-02
6.583870927149250429e-02
3.717785376350147414e-02
7.083648205225680228e-02
2.836839096340286470e-02
7.480129941483318334e-02
1.914525314300462647e-02
7.767534539408416094e-02
9.642934420425892592e-03
7.941670992784431726e-02
-9.642934420425868305e-03
7.941670992784433114e-02
-1.914525314300458483e-02
7.767534539408417482e-02
-2.836839096340285429e-02
7.480129941483318334e-02
-3.717785376350144638e-02
7.083648205225680228e-02
-4.544517973849244996e-02
6.583870927149253205e-02
-5.304981265926363154e-02
5.988085985368810094e-02
-5.988085985368807318e-02
5.304981265926363154e-02
-6.583870927149250429e-02
4.544517973849246384e-02
-7.083648205225680228e-02
3.717785376350146026e-02
-7.480129941483318334e-02
2.836839096340286817e-02
-7.767534539408416094e-02
1.914525314300461259e-02
-7.941670992784431726e-02
9.642934420425880448e-03
-7.941670992784431726e-02
-9.642934420425845754e-03
-7.767534539408416094e-02
-1.914525314300461259e-02
-7.480129941483319722e-02
-2.836839096340283695e-02
-7.083648205225680228e-02
-3.717785376350150189e-02
-6.583870927149251817e-02
-4.544517973849247078e-02
-5.988085985368812175e-02
-5.304981265926358991e-02
-5.304981265926362460e-02
-5.988085985368808706e-02
-4.544517973849248466e-02
-6.583870927149250429e-02
-3.717785376350148108e-02
-7.083648205225678840e-02
-2.836839096340285429e-02
-7.480129941483318334e-02
-1.914525314300463341e-02
-7.767534539408416094e-02
-9.642934420425866571e-03
-7.941670992784431726e-02
9.642934420425840550e-03
-7.941670992784431726e-02
1.914525314300460912e-02
-7.767534539408416094e-02
2.836839096340283348e-02
-7.480129941483319722e-02
3.717785376350148802e-02
-7.083648205225678840e-02
4.544517973849245690e-02
-6.583870927149251817e-02
5.304981265926359685e-02
-5.988085985368810787e-02
5.988085985368808012e-02
-5.304981265926363154e-02
6.583870927149250429e-02
-4.544517973849246384e-02
7.083648205225678840e-02
-3.717785376350150189e-02
7.480129941483318334e-02
-2.836839096340287858e-02
7.767534539408416094e-02
-1.914525314300462300e-02
7.941670992784431726e-02
-9.642934420425894326e-03
7.889173324561135625e-02
-4.134540543192525598e-03
7.889173324561134237e-02
4.134540543192613202e-03
7.439790033921574175e-02
3.899028740099355628e-03
7.439790033921575563e-02
-3.899028740099252412e-03
7.038951541088106501e-02
3.586524947942422437e-02
6.625497486768848476e-02
4.302648376618716658e-02
6.248095731193405861e-02
4.057560810861956385e-02
6.637998605203336566e-02
3.382229223059630280e-02
4.302648376618713882e-02
6.625497486768849864e-02
3.586524947942419661e-02
7.038951541088105113e-02
3.382229223059622647e-02
6.637998605203340730e-02
4.057560810861949446e-02
6.248095731193410718e-02
4.134540543192556823e-03
7.889173324561134237e-02
-4.134540543192564629e-03
7.889173324561134237e-02
-3.899028740099349122e-03
7.439790033921574175e-02
3.899028740099259351e-03
7.439790033921575563e-02
-3.586524947942419661e-02
7.038951541088106501e-02
-4.302648376618711107e-02
6.625497486768851252e-02
-4.057560810861957079e-02
6.248095731193405861e-02
-3.382229223059631668e-02
6.637998605203336566e-02
-6.625497486768851252e-02
4.302648376618712495e-02
-7.038951541088105113e-02
3.586524947942420355e-02
-6.637998605203339342e-02
3.382229223059624035e-02
-6.248095731193410024e-02
4.057560810861950140e-02
-7.889173324561134237e-02
4.134540543192525598e-03
-7.889173324561134237e-02
-4.134540543192490904e-03
-7.439790033921575563e-02
-3.899028740099313994e-03
-7.439790033921575563e-02
3.899028740099280167e-03
-7.038951541088105113e-02
-3.586524947942420355e-02
-6.625497486768849864e-02
-4.302648376618715964e-02
-6.248095731193407942e-02
-4.057560810861952916e-02
-6.637998605203337954e-02
-3.382229223059626810e-02
-4.302648376618711107e-02
-6.625497486768851252e-02
-3.586524947942419661e-02
-7.038951541088106501e-02
-3.382229223059626810e-02
-6.637998605203340730e-02
-4.057560810861951528e-02
-6.248095731193408636e-02
-4.134540543192598457e-03
-7.889173324561132850e-02
4.134540543192520394e-03
-7.889173324561134237e-02
3.899028740099341750e-03
-7.439790033921574175e-02
-3.899028740099249810e-03
-7.439790033921575563e-02
3.586524947942415498e-02
-7.038951541088107888e-02
4.302648376618706944e-02
-6.625497486768854027e-02
4.057560810861951528e-02
-6.248095731193408636e-02
3.382229223059625423e-02
-6.637998605203339342e-02
6.625497486768849864e-02
-4.302648376618715964e-02
7.038951541088105113e-02
-3.586524947942420355e-02
6.637998605203339342e-02
-3.382229223059626116e-02
6.248095731193407942e-02
-4.057560810861952222e-02
3.380740392011739176e-02
9.058666578588244964e-03
3.031088913245534588e-02
1.750000000000002248e-02
2.474873734152915200e-02
2.474873734152917976e-02
1.749999999999996697e-02
3.031088913245537711e-02
9.058666578588225882e-03
3.380740392011739176e-02
-9.058666578588238025e-03
3.380740392011739176e-02
-1.750000000000000513e-02
3.031088913245535282e-02
-2.474873734152918670e-02
2.474873734152914853e-02
-3.031088913245536670e-02
1.749999999999998779e-02
-3.380740392011739176e-02
9.058666578588220678e-03
-3.380740392011738482e-02
-9.058666578588250168e-03
-3.031088913245533548e-02
-1.750000000000003983e-02
-2.474873734152914159e-02
-2.474873734152919016e-02
-1.749999999999995309e-02
-3.031088913245538405e-02
-9.058666578588199861e-03
-3.380740392011739870e-02
9.058666578588250168e-03
-3.380740392011738482e-02
1.750000000000003289e-02
-3.031088913245533895e-02
2.474873734152919363e-02
-2.474873734152913465e-02
3.031088913245537017e-02
-1.749999999999998085e-02
3.380740392011739870e-02
-9.058666578588208534e-03
9.291148460711277923e-02
4.056603024976248272e-03
9.299999999999999933e-02
0.000000000000000000e+00
9.158712103013534611e-02
1.614928052302452149e-02
9.220437210776435966e-02
1.213893587646479658e-02
9.079552866215380436e-02
2.012888409624356487e-02
8.739141373308947913e-02
3.180787332928718819e-02
8.869567641958510384e-02
2.796563935389740144e-02
8.592079652354966957e-02
3.558955920995334615e-02
8.054036255195279326e-02
4.649999999999998579e-02
8.249200748557461438e-02
4.294262103085815657e-02
7.843540446059837912e-02
4.996886357625462960e-02
7.124213321006496458e-02
5.977924770084815098e-02
7.378186064708487646e-02
5.661481289781101350e-02
6.856679232334153551e-02
6.282988930825639251e-02
5.977924770084817180e-02
7.124213321006496458e-02
6.282988930825640639e-02
6.856679232334153551e-02
5.661481289781104126e-02
7.378186064708484870e-02
4.650000000000000661e-02
8.054036255195279326e-02
4.996886357625461572e-02
7.843540446059835136e-02
4.294262103085817045e-02
8.249200748557461438e-02
3.180787332928720207e-02
8.739141373308947913e-02
3.558955920995335309e-02
8.592079652354966957e-02
2.796563935389740491e-02
8.869567641958507609e-02
1.614928052302454925e-02
9.158712103013534611e-02
2.012888409624358915e-02
9.079552866215380436e-02
1.213893587646481045e-02
9.220437210776437353e-02
5.694607616035192130e-18
9.299999999999999933e-02
4.056603024976249139e-03
9.291148460711277923e-02
-4.056603024976237863e-03
9.291148460711277923e-02
-1.614928052302449721e-02
9.158712103013535999e-02
-1.213893587646479831e-02
9.220437210776435966e-02
-2.012888409624355793e-02
9.079552866215380436e-02
-3.180787332928718819e-02
8.739141373308947913e-02
-2.796563935389740491e-02
8.869567641958510384e-02
-3.558955920995334615e-02
8.592079652354966957e-02
-4.649999999999997885e-02
8.054036255195280714e-02
-4.294262103085814269e-02
8.249200748557462826e-02
-4.996886357625458797e-02
7.843540446059837912e-02
-5.977924770084815098e-02
7.124213321006496458e-02
-5.661481289781099269e-02
7.378186064708489034e-02
-6.282988930825639251e-02
6.856679232334153551e-02
-7.124213321006495070e-02
5.977924770084817874e-02
-6.856679232334153551e-02
6.282988930825640639e-02
-7.378186064708484870e-02
5.661481289781104126e-02
-8.054036255195277938e-02
4.650000000000002742e-02
-7.843540446059835136e-02
4.996886357625464348e-02
-8.249200748557461438e-02
4.294262103085815657e-02
-8.739141373308947913e-02
3.180787332928720901e-02
-8.592079652354964181e-02
3.558955920995339473e-02
-8.869567641958507609e-02
2.796563935389741185e-02
-9.158712103013535999e-02
1.614928052302451456e-02
-9.079552866215379048e-02
2.012888409624359609e-02
-9.220437210776437353e-02
1.213893587646483647e-02
-9.299999999999999933e-02
1.138921523207038426e-17
-9.291148460711276535e-02
4.056603024976295976e-03
-9.291148460711277923e-02
-4.056603024976213577e-03
-9.158712103013535999e-02
-1.614928052302447292e-02
-9.220437210776435966e-02
-1.213893587646479311e-02
-9.079552866215380436e-02
-2.012888409624355446e-02
-8.739141373308947913e-02
-3.180787332928716737e-02
-8.869567641958513160e-02
-2.796563935389733899e-02
-8.592079652354966957e-02
-3.558955920995335309e-02
-8.054036255195279326e-02
-4.649999999999999273e-02
-8.249200748557464213e-02
-4.294262103085811494e-02
-7.843540446059836524e-02
-4.996886357625460878e-02
-7.124213321006499233e-02
-5.977924770084810935e-02
-7.378186064708487646e-02
-5.661481289781099963e-02
-6.856679232334153551e-02
-6.282988930825640639e-02
-5.977924770084819955e-02
-7.124213321006495070e-02
-6.282988930825642027e-02
-6.856679232334150775e-02
-5.661481289781102044e-02
-7.378186064708487646e-02
-4.650000000000005518e-02
-8.054036255195277938e-02
-4.996886357625466429e-02
-7.843540446059833748e-02
-4.294262103085817739e-02
-8.249200748557461438e-02
-3.180787332928720901e-02
-8.739141373308947913e-02
-3.558955920995340166e-02
-8.592079652354964181e-02
-2.796563935389746042e-02
-8.869567641958508997e-02
-1.614928052302449721e-02
-9.158712103013535999e-02
-2.012888409624363772e-02
-9.079552866215376272e-02
-1.213893587646477749e-02
-9.220437210776437353e-02
-1.495554064199271937e-17
-9.299999999999999933e-02
-4.056603024976258680e-03
-9.291148460711277923e-02
4.056603024976228322e-03
-9.291148460711277923e-02
1.614928052302449027e-02
-9.158712103013535999e-02
1.213893587646476709e-02
-9.220437210776437353e-02
2.012888409624355099e-02
-9.079552866215380436e-02
3.180787332928718125e-02
-8.739141373308947913e-02
2.796563935389735286e-02
-8.869567641958511772e-02
3.558955920995329758e-02
-8.592079652354969732e-02
4.649999999999997885e-02
-8.054036255195280714e-02
4.294262103085809412e-02
-8.249200748557465601e-02
4.996886357625462960e-02
-7.843540446059837912e-02
5.977924770084815098e-02
-7.124213321006496458e-02
5.661481289781102044e-02
-7.378186064708487646e-02
6.282988930825639251e-02
-6.856679232334153551e-02
7.124213321006495070e-02
-5.977924770084819261e-02
6.856679232334150775e-02
-6.282988930825642027e-02
7.378186064708484870e-02
-5.661481289781104126e-02
8.054036255195279326e-02
-4.649999999999999967e-02
7.843540446059835136e-02
-4.996886357625465042e-02
8.249200748557460050e-02
-4.294262103085819127e-02
8.739141373308947913e-02
-3.180787332928722289e-02
8.592079652354964181e-02
-3.558955920995340860e-02
8.869567641958508997e-02
-2.796563935389746736e-02
9.158712103013534611e-02
-1.614928052302452496e-02
9.079552866215376272e-02
-2.012888409624364813e-02
9.220437210776437353e-02
-1.213893587646480872e-02
9.291148460711277923e-02
-4.056603024976266486e-03
1.195901391608003711e-01
9.909521456679840773e-03
1.183633564083266809e-01
1.975135083368806041e-02
1.163280319127196344e-01
2.945825845689585554e-02
1.134980690040761631e-01
3.896393630456199825e-02
1.098927991986069080e-01
4.820345095835630589e-02
1.055368501447786905e-01
5.711368716444881893e-02
1.004599773915034328e-01
6.563377897469120648e-02
9.469686112756724172e-02
7.370552552276013469e-02
8.828686928077579543e-02
8.127378859508892217e-02
8.127378859508892217e-02
8.828686928077578155e-02
7.370552552276014857e-02
9.469686112756721397e-02
6.563377897469124811e-02
1.004599773915034189e-01
5.711368716444878424e-02
1.055368501447787044e-01
4.820345095835639609e-02
1.098927991986068525e-01
3.896393630456202600e-02
1.134980690040761492e-01
2.945825845689590758e-02
1.163280319127196344e-01
1.975135083368805000e-02
1.183633564083266809e-01
9.909521456679939652e-03
1.195901391608003711e-01
-9.909521456679899754e-03
1.195901391608003711e-01
-1.975135083368800837e-02
1.183633564083266670e-01
-2.945825845689586595e-02
1.163280319127196483e-01
-3.896393630456198437e-02
1.134980690040761631e-01
-4.820345095835632671e-02
1.098927991986068803e-01
-5.711368716444877730e-02
1.055368501447787183e-01
-6.563377897469120648e-02
1.004599773915034466e-01
-7.370552552276013469e-02
9.469686112756724172e-02
-8.127378859508893605e-02
8.828686928077576768e-02
-8.828686928077575380e-02
8.127378859508896380e-02
-9.469686112756721397e-02
7.370552552276014857e-02
-1.004599773915034189e-01
6.563377897469122035e-02
-1.055368501447787044e-01
5.711368716444879118e-02
-1.098927991986068664e-01
4.820345095835637528e-02
-1.134980690040761492e-01
3.896393630456203294e-02
-1.163280319127196483e-01
2.945825845689588676e-02
-1.183633564083266809e-01
1.975135083368802918e-02
-1.195901391608003711e-01
9.909521456679922305e-03
-1.195901391608003711e-01
-9.909521456679922305e-03
-1.183633564083266809e-01
-1.975135083368808470e-02
-1.163280319127196483e-01
-2.945825845689594227e-02
-1.134980690040761492e-01
-3.896393630456203294e-02
-1.098927991986068664e-01
-4.820345095835637528e-02
-1.055368501447786489e-01
-5.711368716444888832e-02
-1.004599773915033911e-01
-6.563377897469126199e-02
-9.469686112756718621e-02
-7.370552552276019020e-02
-8.828686928077575380e-02
-8.127378859508896380e-02
-8.127378859508886666e-02
-8.828686928077585094e-02
-7.370552552276003755e-02
-9.469686112756729723e-02
-6.563377897469115096e-02
-1.004599773915034744e-01
-5.711368716444872873e-02
-1.055368501447787322e-01
-4.820345095835618099e-02
-1.098927991986069497e-01
-3.896393630456185947e-02
-1.134980690040762047e-01
-2.945825845689573758e-02
-1.163280319127196760e-01
-1.975135083368795633e-02
-1.183633564083266948e-01
-9.909521456679847712e-03
-1.195901391608003711e-01
9.909521456679887610e-03
-1.195901391608003711e-01
1.975135083368807776e-02
-1.183633564083266809e-01
2.945825845689593533e-02
-1.163280319127196483e-01
3.896393630456208151e-02
-1.134980690040761353e-01
4.820345095835639609e-02
-1.098927991986068525e-01
5.711368716444888138e-02
-1.055368501447786628e-01
6.563377897469128974e-02
-1.004599773915033634e-01
7.370552552276023184e-02
-9.469686112756715846e-02
8.127378859508897768e-02
-8.828686928077575380e-02
8.828686928077586482e-02
-8.127378859508885278e-02
9.469686112756732499e-02
-7.370552552276002367e-02
1.004599773915034883e-01
-6.563377897469112321e-02
1.055368501447787322e-01
-5.711368716444872179e-02
1.098927991986069497e-01
-4.820345095835618793e-02
1.134980690040761908e-01
-3.896393630456190110e-02
1.163280319127196899e-01
-2.945825845689572370e-02
1.183633564083266809e-01
-1.975135083368798755e-02
1.195901391608003711e-01
-9.909521456679826895e-03
