8.258238701482567556e-02
8.315609113802331989e-03
8.059244997832384905e-02
8.115232990578180247e-03
7.850770368624711282e-02
1.993841673534843886e-02
8.044616550566063840e-02
2.043072332140642711e-02
7.988378462565272342e-02
2.252955733880116981e-02
7.795887415274543875e-02
2.198667643907101579e-02
7.385272552974417315e-02
3.326822706169165617e-02
7.567624961689835283e-02
3.408966476691861064e-02
7.475795386377478979e-02
3.605895636456662307e-02
7.295655738512960009e-02
3.519006584975777757e-02
6.695376967930227741e-02
4.558719914330055384e-02
6.860694917755666422e-02
4.671280899869068720e-02
6.736064050309602258e-02
4.849272224790705799e-02
6.573749253916599811e-02
4.732422291663218594e-02
5.802045741739699641e-02
5.652102724717610049e-02
5.945306130424630325e-02
5.791660816685945817e-02
5.791660816685945123e-02
5.945306130424628938e-02
5.652102724717610743e-02
5.802045741739697560e-02
4.732422291663218594e-02
6.573749253916599811e-02
4.849272224790705799e-02
6.736064050309602258e-02
4.671280899869070802e-02
6.860694917755665034e-02
4.558719914330056078e-02
6.695376967930227741e-02
3.519006584975779145e-02
7.295655738512961397e-02
3.605895636456662307e-02
7.475795386377478979e-02
3.408966476691862452e-02
7.567624961689835283e-02
3.326822706169167004e-02
7.385272552974417315e-02
2.198667643907103314e-02
7.795887415274542487e-02
2.252955733880118369e-02
7.988378462565272342e-02
2.043072332140643751e-02
8.044616550566063840e-02
1.993841673534844927e-02
7.850770368624712670e-02
8.115232990578199329e-03
8.059244997832384905e-02
8.315609113802354541e-03
8.258238701482568944e-02
6.151004686218146389e-03
8.277176536325733802e-02
6.002787705827346103e-03
8.077726499305834529e-02
-6.002787705827319215e-03
8.077726499305834529e-02
-6.151004686218118633e-03
8.277176536325733802e-02
-8.315609113802325050e-03
8.258238701482567556e-02
-8.115232990578173308e-03
8.059244997832384905e-02
-1.993841673534842152e-02
7.850770368624711282e-02
-2.043072332140640629e-02
8.044616550566062452e-02
-2.252955733880115941e-02
7.988378462565272342e-02
-2.198667643907101232e-02
7.795887415274543875e-02
-3.326822706169164229e-02
7.385272552974418703e-02
-3.408966476691860370e-02
7.567624961689838059e-02
-3.605895636456660919e-02
7.475795386377478979e-02
-3.519006584975777757e-02
7.295655738512960009e-02
-4.558719914330055384e-02
6.695376967930227741e-02
-4.671280899869068720e-02
6.860694917755666422e-02
-4.849272224790703717e-02
6.736064050309603646e-02
-4.732422291663217206e-02
6.573749253916601198e-02
-5.652102724717607968e-02
5.802045741739701723e-02
-5.791660816685945123e-02
5.945306130424633101e-02
-5.945306130424630325e-02
5.791660816685945817e-02
-5.802045741739699641e-02
5.652102724717610049e-02
-6.573749253916599811e-02
4.732422291663218594e-02
-6.736064050309602258e-02
4.849272224790705799e-02
-6.860694917755665034e-02
4.671280899869070802e-02
-6.695376967930227741e-02
4.558719914330056772e-02
-7.295655738512961397e-02
3.519006584975779145e-02
-7.475795386377478979e-02
3.605895636456663000e-02
-7.567624961689835283e-02
3.408966476691861064e-02
-7.385272552974417315e-02
3.326822706169165617e-02
-7.795887415274543875e-02
2.198667643907100538e-02
-7.988378462565270954e-02
2.252955733880115247e-02
-8.044616550566063840e-02
2.043072332140644098e-02
-7.850770368624712670e-02
1.993841673534845621e-02
-8.059244997832384905e-02
8.115232990578187186e-03
-8.258238701482567556e-02
8.315609113802340663e-03
-8.277176536325731027e-02
6.151004686218168940e-03
-8.077726499305831753e-02
6.002787705827368654e-03
-8.077726499305834529e-02
-6.002787705827299265e-03
-8.277176536325733802e-02
-6.151004686218097817e-03
-8.258238701482567556e-02
-8.315609113802304234e-03
-8.059244997832384905e-02
-8.115232990578150757e-03
-7.850770368624711282e-02
-1.993841673534841458e-02
-8.044616550566063840e-02
-2.043072332140640629e-02
-7.988378462565272342e-02
-2.252955733880115594e-02
-7.795887415274543875e-02
-2.198667643907097069e-02
-7.385272552974420091e-02
-3.326822706169162841e-02
-7.567624961689838059e-02
-3.408966476691858288e-02
-7.475795386377480367e-02
-3.605895636456659531e-02
-7.295655738512962785e-02
-3.519006584975776369e-02
-6.695376967930227741e-02
-4.558719914330056772e-02
-6.860694917755666422e-02
-4.671280899869068026e-02
-6.736064050309603646e-02
-4.849272224790702329e-02
-6.573749253916599811e-02
-4.732422291663218594e-02
-5.802045741739701723e-02
-5.652102724717607274e-02
-5.945306130424633101e-02
-5.791660816685944430e-02
-5.791660816685945817e-02
-5.945306130424627550e-02
-5.652102724717610743e-02
-5.802045741739697560e-02
-4.732422291663223451e-02
-6.573749253916598423e-02
-4.849272224790707880e-02
-6.736064050309602258e-02
-4.671280899869071496e-02
-6.860694917755663647e-02
-4.558719914330058853e-02
-6.695376967930226353e-02
-3.519006584975784696e-02
-7.295655738512958621e-02
-3.605895636456665082e-02
-7.475795386377478979e-02
-3.408966476691865227e-02
-7.567624961689833896e-02
-3.326822706169169086e-02
-7.385272552974415927e-02
-2.198667643907107477e-02
-7.795887415274539711e-02
-2.252955733880122879e-02
-7.988378462565270954e-02
-2.043072332140647568e-02
-8.044616550566058288e-02
-1.993841673534848744e-02
-7.850770368624707118e-02
-8.115232990578261779e-03
-8.059244997832382129e-02
-8.315609113802416991e-03
-8.258238701482566169e-02
-6.151004686218136848e-03
-8.277176536325733802e-02
-6.002787705827337429e-03
-8.077726499305834529e-02
6.002787705827311408e-03
-8.077726499305834529e-02
6.151004686218110827e-03
-8.277176536325733802e-02
8.315609113802316377e-03
-8.258238701482567556e-02
8.115232990578164635e-03
-8.059244997832384905e-02
1.993841673534839029e-02
-7.850770368624709894e-02
2.043072332140637506e-02
-8.044616550566061064e-02
2.252955733880113165e-02
-7.988378462565273730e-02
2.198667643907098457e-02
-7.795887415274543875e-02
3.326822706169160065e-02
-7.385272552974420091e-02
3.408966476691855513e-02
-7.567624961689838059e-02
3.605895636456657449e-02
-7.475795386377481755e-02
3.519006584975774288e-02
-7.295655738512964172e-02
4.558719914330049139e-02
-6.695376967930233292e-02
4.671280899869063169e-02
-6.860694917755670585e-02
4.849272224790705799e-02
-6.736064050309602258e-02
4.732422291663218594e-02
-6.573749253916599811e-02
5.652102724717607968e-02
-5.802045741739701723e-02
5.791660816685945123e-02
-5.945306130424633101e-02
5.945306130424628938e-02
-5.791660816685945123e-02
5.802045741739698947e-02
-5.652102724717610049e-02
6.573749253916598423e-02
-4.732422291663223451e-02
6.736064050309602258e-02
-4.849272224790709268e-02
6.860694917755663647e-02
-4.671280899869070802e-02
6.695376967930226353e-02
-4.558719914330057466e-02
7.295655738512957234e-02
-3.519006584975783308e-02
7.475795386377476204e-02
-3.605895636456667164e-02
7.567624961689833896e-02
-3.408966476691865227e-02
7.385272552974415927e-02
-3.326822706169169780e-02
7.795887415274541099e-02
-2.198667643907108171e-02
7.988378462565270954e-02
-2.252955733880123573e-02
8.044616550566059676e-02
-2.043072332140648609e-02
7.850770368624707118e-02
-1.993841673534849784e-02
8.059244997832382129e-02
-8.115232990578268718e-03
8.258238701482566169e-02
-8.315609113802423930e-03
8.277176536325733802e-02
-6.151004686218142919e-03
8.077726499305834529e-02
-6.002787705827344368e-03
8.077726499305834529e-02
6.002787705827304469e-03
8.277176536325733802e-02
6.151004686218103888e-03
8.000000000000000167e-02
0.000000000000000000e+00
4.898587196589412767e-18
8.000000000000000167e-02
-8.000000000000000167e-02
9.797174393178825534e-18
-1.286498119741309379e-17
-8.000000000000000167e-02
7.161399634740474307e-02
2.053498300836643572e-02
7.593967397912719519e-02
2.177535110954293904e-02
6.549396823184829020e-02
4.417623937418900526e-02
6.176329915535060111e-02
4.165987130857064236e-02
5.175204859919529249e-02
5.359081512522949342e-02
5.487801126626079551e-02
5.682784422675343783e-02
3.463132059633711179e-02
7.100472965763418576e-02
3.265865043578626559e-02
6.696015644928794697e-02
1.802318122217526006e-02
7.228703160756175250e-02
1.911182975237376430e-02
7.665336237580372414e-02
-5.510761425785884286e-03
7.880755997052611705e-02
-5.196857293937320703e-03
7.431852174435689407e-02
-2.053498300836642532e-02
7.161399634740474307e-02
-2.177535110954292516e-02
7.593967397912719519e-02
-4.417623937418899138e-02
6.549396823184830407e-02
-4.165987130857062848e-02
6.176329915535061499e-02
-5.359081512522949342e-02
5.175204859919530637e-02
-5.682784422675341701e-02
5.487801126626078857e-02
-7.100472965763418576e-02
3.463132059633713955e-02
-6.696015644928791921e-02
3.265865043578628640e-02
-7.228703160756172474e-02
1.802318122217527741e-02
-7.665336237580372414e-02
1.911182975237378859e-02
-7.880755997052611705e-02
-5.510761425785881684e-03
-7.431852174435690794e-02
-5.196857293937318101e-03
-7.161399634740475695e-02
-2.053498300836643919e-02
-7.593967397912718131e-02
-2.177535110954293557e-02
-6.549396823184829020e-02
-4.417623937418900526e-02
-6.176329915535060111e-02
-4.165987130857064236e-02
-5.175204859919529943e-02
-5.359081512522950036e-02
-5.487801126626078163e-02
-5.682784422675342395e-02
-3.463132059633712567e-02
-7.100472965763418576e-02
-3.265865043578627253e-02
-6.696015644928793309e-02
-1.802318122217528087e-02
-7.228703160756172474e-02
-1.911182975237378859e-02
-7.665336237580371026e-02
5.510761425785858265e-03
-7.880755997052611705e-02
5.196857293937296417e-03
-7.431852174435690794e-02
2.053498300836642185e-02
-7.161399634740475695e-02
2.177535110954291128e-02
-7.593967397912718131e-02
4.417623937418899832e-02
-6.549396823184830407e-02
4.165987130857062848e-02
-6.176329915535059417e-02
5.359081512522947260e-02
-5.175204859919533412e-02
5.682784422675340313e-02
-5.487801126626083714e-02
7.100472965763417188e-02
-3.463132059633718118e-02
6.696015644928790533e-02
-3.265865043578632110e-02
7.228703160756172474e-02
-1.802318122217527741e-02
7.665336237580371026e-02
-1.911182975237378859e-02
7.880755997052611705e-02
5.510761425785861735e-03
7.431852174435690794e-02
5.196857293937297284e-03
6.407404170015680578e-02
4.621165632399001910e-02
6.042425451470482406e-02
4.357934678654754035e-02
3.238391967348424466e-02
7.205748917760956829e-02
3.053926602119716102e-02
6.795294865483432478e-02
-7.983447477452767713e-03
7.859557599747427070e-02
-7.528694140129506794e-03
7.411861280774470484e-02
-4.621165632399002604e-02
6.407404170015680578e-02
-4.357934678654754729e-02
6.042425451470482406e-02
-7.205748917760955441e-02
3.238391967348427936e-02
-6.795294865483431090e-02
3.053926602119719572e-02
-7.859557599747427070e-02
-7.983447477452729549e-03
-7.411861280774471872e-02
-7.528694140129472967e-03
-6.407404170015681966e-02
-4.621165632399000522e-02
-6.042425451470483100e-02
-4.357934678654752647e-02
-3.238391967348428629e-02
-7.205748917760955441e-02
-3.053926602119719919e-02
-6.795294865483431090e-02
7.983447477452724345e-03
-7.859557599747427070e-02
7.528694140129453018e-03
-7.411861280774473260e-02
4.621165632398999829e-02
-6.407404170015681966e-02
4.357934678654751953e-02
-6.042425451470483100e-02
7.205748917760952665e-02
-3.238391967348431405e-02
6.795294865483431090e-02
-3.053926602119723388e-02
7.859557599747427070e-02
7.983447477452706997e-03
7.411861280774473260e-02
7.528694140129455620e-03
7.222367856718783785e-02
1.827540024797079388e-02
7.658618264171597467e-02
1.937928348442541360e-02
5.340984026996095646e-02
5.193880016266504834e-02
5.663593800438813941e-02
5.507604312551060005e-02
2.028487840452279992e-02
7.168524051793175034e-02
2.151013951620538850e-02
7.601522148881353913e-02
-1.827540024797077653e-02
7.222367856718783785e-02
-1.937928348442538584e-02
7.658618264171596079e-02
-5.193880016266504140e-02
5.340984026996097034e-02
-5.507604312551058617e-02
5.663593800438814635e-02
-7.168524051793175034e-02
2.028487840452280339e-02
-7.601522148881353913e-02
2.151013951620539197e-02
-7.222367856718782397e-02
-1.827540024797080428e-02
-7.658618264171597467e-02
-1.937928348442542054e-02
-5.340984026996095646e-02
-5.193880016266504834e-02
-5.663593800438813941e-02
-5.507604312551060005e-02
-2.028487840452281032e-02
-7.168524051793175034e-02
-2.151013951620539544e-02
-7.601522148881353913e-02
1.827540024797078347e-02
-7.222367856718782397e-02
1.937928348442539972e-02
-7.658618264171597467e-02
5.193880016266503447e-02
-5.340984026996097728e-02
5.507604312551057230e-02
-5.663593800438816717e-02
7.168524051793175034e-02
-2.028487840452281379e-02
7.601522148881353913e-02
-2.151013951620539544e-02
3.500000000000000333e-02
0.000000000000000000e+00
2.143131898507868374e-18
3.500000000000000333e-02
-3.500000000000000333e-02
4.286263797015736749e-18
-5.628429273868228533e-18
-3.500000000000000333e-02
8.292100239129419903e-02
3.620409151322864609e-03
1.029019668229313594e-01
4.492796898629579025e-03
1.026080539034498057e-01
8.977041503008790710e-03
1.021188207215024679e-01
1.344419779866531071e-02
8.228992349402626527e-02
1.083367395426428070e-02
8.103256859095449294e-02
1.796448795686254180e-02
1.005584887333531297e-01
2.229328023562459141e-02
9.949036010777402572e-02
2.665836164555963547e-02
9.823284592706736651e-02
3.097269734894013415e-02
7.915850691210284118e-02
2.495858135885466872e-02
7.668200119843680829e-02
3.176272488630245416e-02
9.515959184866253084e-02
3.941639353360424508e-02
9.334970206477494203e-02
4.352968095929204279e-02
9.136211581735682874e-02
4.756010716320849263e-02
7.362189915379240002e-02
3.832513489850781357e-02
7.000149000246952413e-02
4.459586749278639239e-02
8.686931891872722022e-02
5.534185965972286680e-02
8.437266056176614959e-02
5.907837294415774210e-02
8.171539404999721146e-02
6.270242718789821590e-02
6.584832724417252758e-02
5.052719860772381111e-02
6.119401895524029245e-02
5.607398723209978258e-02
7.593956569144277857e-02
6.958579138441299550e-02
7.283199846221441454e-02
7.283199846221440066e-02
6.958579138441302325e-02
7.593956569144277857e-02
5.607398723209981034e-02
6.119401895524029245e-02
5.052719860772383886e-02
6.584832724417249983e-02
6.270242718789822978e-02
8.171539404999721146e-02
5.907837294415775597e-02
8.437266056176612183e-02
5.534185965972285293e-02
8.686931891872720635e-02
4.459586749278638546e-02
7.000149000246951025e-02
3.832513489850782745e-02
7.362189915379240002e-02
4.756010716320850651e-02
9.136211581735681486e-02
4.352968095929205666e-02
9.334970206477492816e-02
3.941639353360426590e-02
9.515959184866250309e-02
3.176272488630247498e-02
7.668200119843679441e-02
2.495858135885467566e-02
7.915850691210281342e-02
3.097269734894013762e-02
9.823284592706733875e-02
2.665836164555965976e-02
9.949036010777402572e-02
2.229328023562462263e-02
1.005584887333531435e-01
1.796448795686256261e-02
8.103256859095449294e-02
1.083367395426429285e-02
8.228992349402626527e-02
1.344419779866532806e-02
1.021188207215024818e-01
8.977041503008809792e-03
1.026080539034498057e-01
4.492796898629632801e-03
1.029019668229313594e-01
3.620409151322907977e-03
8.292100239129419903e-02
-3.620409151322878921e-03
8.292100239129419903e-02
-4.492796898629597240e-03
1.029019668229313594e-01
-8.977041503008776832e-03
1.026080539034498057e-01
-1.344419779866529337e-02
1.021188207215024957e-01
-1.083367395426426683e-02
8.228992349402629303e-02
-1.796448795686253139e-02
8.103256859095447906e-02
-2.229328023562458794e-02
1.005584887333531297e-01
-2.665836164555962159e-02
9.949036010777402572e-02
-3.097269734894010987e-02
9.823284592706735263e-02
-2.495858135885465484e-02
7.915850691210284118e-02
-3.176272488630244722e-02
7.668200119843680829e-02
-3.941639353360423814e-02
9.515959184866253084e-02
-4.352968095929203585e-02
9.334970206477495591e-02
-4.756010716320848569e-02
9.136211581735685650e-02
-3.832513489850780664e-02
7.362189915379241389e-02
-4.459586749278635076e-02
7.000149000246951025e-02
-5.534185965972282517e-02
8.686931891872723410e-02
-5.907837294415772822e-02
8.437266056176619122e-02
-6.270242718789818814e-02
8.171539404999722533e-02
-5.052719860772379029e-02
6.584832724417254146e-02
-5.607398723209977565e-02
6.119401895524032714e-02
-6.958579138441298162e-02
7.593956569144282021e-02
-7.283199846221440066e-02
7.283199846221440066e-02
-7.593956569144277857e-02
6.958579138441302325e-02
-6.119401895524029245e-02
5.607398723209981034e-02
-6.584832724417249983e-02
5.052719860772383886e-02
-8.171539404999718370e-02
6.270242718789824365e-02
-8.437266056176614959e-02
5.907837294415778373e-02
-8.686931891872720635e-02
5.534185965972288068e-02
-7.000149000246949638e-02
4.459586749278640627e-02
-7.362189915379238614e-02
3.832513489850784827e-02
-9.136211581735681486e-02
4.756010716320853426e-02
-9.334970206477494203e-02
4.352968095929204279e-02
-9.515959184866254472e-02
3.941639353360425896e-02
-7.668200119843682216e-02
3.176272488630246110e-02
-7.915850691210282730e-02
2.495858135885468260e-02
-9.823284592706733875e-02
3.097269734894014109e-02
-9.949036010777402572e-02
2.665836164555966670e-02
-1.005584887333531019e-01
2.229328023562462263e-02
-8.103256859095446518e-02
1.796448795686256608e-02
-8.228992349402626527e-02
1.083367395426431540e-02
-1.021188207215024818e-01
1.344419779866535582e-02
-1.026080539034498057e-01
8.977041503008841017e-03
-1.029019668229313178e-01
4.492796898629660557e-03
-8.292100239129419903e-02
3.620409151322931396e-03
-8.292100239129419903e-02
-3.620409151322820807e-03
-1.029019668229313456e-01
-4.492796898629524381e-03
-1.026080539034498057e-01
-8.977041503008749077e-03
-1.021188207215024957e-01
-1.344419779866526388e-02
-8.228992349402629303e-02
-1.083367395426424427e-02
-8.103256859095447906e-02
-1.796448795686248975e-02
-1.005584887333531435e-01
-2.229328023562453590e-02
-9.949036010777403960e-02
-2.665836164555957302e-02
-9.823284592706739426e-02
-3.097269734894006130e-02
-7.915850691210286894e-02
-2.495858135885462015e-02
-7.668200119843683604e-02
-3.176272488630239171e-02
-9.515959184866257248e-02
-3.941639353360417569e-02
-9.334970206477496979e-02
-4.352968095929200809e-02
-9.136211581735687037e-02
-4.756010716320845794e-02
-7.362189915379242777e-02
-3.832513489850778582e-02
-7.000149000246951025e-02
-4.459586749278637158e-02
-8.686931891872722022e-02
-5.534185965972284599e-02
-8.437266056176619122e-02
-5.907837294415770046e-02
-8.171539404999721146e-02
-6.270242718789818814e-02
-6.584832724417252758e-02
-5.052719860772379723e-02
-6.119401895524031326e-02
-5.607398723209978258e-02
-7.593956569144279245e-02
-6.958579138441298162e-02
-7.283199846221440066e-02
-7.283199846221440066e-02
-6.958579138441302325e-02
-7.593956569144273694e-02
-5.607398723209982422e-02
-6.119401895524027163e-02
-5.052719860772384580e-02
-6.584832724417249983e-02
-6.270242718789821590e-02
-8.171539404999721146e-02
-5.907837294415777679e-02
-8.437266056176610796e-02
-5.534185965972290844e-02
-8.686931891872720635e-02
-4.459586749278642015e-02
-7.000149000246949638e-02
-3.832513489850786909e-02
-7.362189915379237226e-02
-4.756010716320852733e-02
-9.136211581735682874e-02
-4.352968095929210524e-02
-9.334970206477490040e-02
-3.941639353360430059e-02
-9.515959184866250309e-02
-3.176272488630250274e-02
-7.668200119843678053e-02
-2.495858135885473117e-02
-7.915850691210284118e-02
-3.097269734894020354e-02
-9.823284592706735263e-02
-2.665836164555970833e-02
-9.949036010777401184e-02
-2.229328023562467120e-02
-1.005584887333530880e-01
-1.796448795686260425e-02
-8.103256859095445130e-02
-1.083367395426435703e-02
-8.228992349402625139e-02
-1.344419779866540612e-02
-1.021188207215024540e-01
-8.977041503008799384e-03
-1.026080539034498057e-01
-4.492796898629619791e-03
-1.029019668229313594e-01
-3.620409151322897569e-03
-8.292100239129419903e-02
3.620409151322871114e-03
-8.292100239129419903e-02
4.492796898629586831e-03
-1.029019668229313594e-01
8.977041503008764689e-03
-1.026080539034498057e-01
1.344419779866528122e-02
-1.021188207215024957e-01
1.083367395426425815e-02
-8.228992349402629303e-02
1.796448795686250363e-02
-8.103256859095447906e-02
2.229328023562455324e-02
-1.005584887333531435e-01
2.665836164555959037e-02
-9.949036010777403960e-02
3.097269734894007864e-02
-9.823284592706738039e-02
2.495858135885462709e-02
-7.915850691210285506e-02
3.176272488630240559e-02
-7.668200119843682216e-02
3.941639353360418957e-02
-9.515959184866255860e-02
4.352968095929198034e-02
-9.334970206477496979e-02
4.756010716320843712e-02
-9.136211581735688425e-02
3.832513489850776500e-02
-7.362189915379242777e-02
4.459586749278632994e-02
-7.000149000246955189e-02
5.534185965972279742e-02
-8.686931891872727574e-02
5.907837294415774904e-02
-8.437266056176613571e-02
6.270242718789821590e-02
-8.171539404999721146e-02
5.052719860772381805e-02
-6.584832724417252758e-02
5.607398723209979646e-02
-6.119401895524029938e-02
6.958579138441299550e-02
-7.593956569144279245e-02
7.283199846221440066e-02
-7.283199846221440066e-02
7.593956569144273694e-02
-6.958579138441302325e-02
6.119401895524027163e-02
-5.607398723209982422e-02
6.584832724417249983e-02
-5.052719860772383886e-02
8.171539404999718370e-02
-6.270242718789824365e-02
8.437266056176612183e-02
-5.907837294415776291e-02
8.686931891872720635e-02
-5.534185965972290150e-02
7.000149000246949638e-02
-4.459586749278641321e-02
7.362189915379238614e-02
-3.832513489850785521e-02
9.136211581735681486e-02
-4.756010716320854120e-02
9.334970206477492816e-02
-4.352968095929210524e-02
9.515959184866250309e-02
-3.941639353360430753e-02
7.668200119843678053e-02
-3.176272488630250274e-02
7.915850691210284118e-02
-2.495858135885473464e-02
9.823284592706735263e-02
-3.097269734894020701e-02
9.949036010777402572e-02
-2.665836164555971180e-02
1.005584887333530880e-01
-2.229328023562468508e-02
8.103256859095445130e-02
-1.796448795686261118e-02
8.228992349402625139e-02
-1.083367395426436397e-02
1.021188207215024540e-01
-1.344419779866541480e-02
1.026080539034498057e-01
-8.977041503008806322e-03
1.029019668229313594e-01
-4.492796898629628465e-03
8.292100239129419903e-02
-3.620409151322904941e-03
1.199999999999999956e-01
0.000000000000000000e+00
7.347880794884118380e-18
1.199999999999999956e-01
-1.199999999999999956e-01
1.469576158976823676e-17
-1.929747179611963760e-17
-1.199999999999999956e-01
7.976942799398886730e-02
1.406550239102133046e-02
7.611510228365858666e-02
2.770363160937912642e-02
7.014805770653954886e-02
4.049999999999994577e-02
6.204959989263724579e-02
5.206579638460965415e-02
5.206579638460977211e-02
6.204959989263715558e-02
4.050000000000003597e-02
7.014805770653949335e-02
2.770363160937920621e-02
7.611510228365857278e-02
1.406550239102136689e-02
7.976942799398886730e-02
4.093104553440185488e-17
8.100000000000000255e-02
-1.406550239102132178e-02
7.976942799398886730e-02
-2.770363160937912989e-02
7.611510228365860053e-02
-4.049999999999994577e-02
7.014805770653954886e-02
-5.206579638460962639e-02
6.204959989263726661e-02
-6.204959989263722497e-02
5.206579638460970966e-02
-7.014805770653953498e-02
4.050000000000003597e-02
-7.611510228365857278e-02
2.770363160937921315e-02
-7.976942799398885342e-02
1.406550239102142413e-02
-8.077726499305831753e-02
6.002787705827368654e-03
-7.976942799398886730e-02
-1.406550239102135128e-02
-7.611510228365862829e-02
-2.770363160937908131e-02
-7.014805770653954886e-02
-4.049999999999996658e-02
-6.204959989263725967e-02
-5.206579638460964721e-02
-5.206579638460972353e-02
-6.204959989263721110e-02
-4.050000000000004291e-02
-7.014805770653950723e-02
-2.770363160937924785e-02
-7.611510228365853115e-02
-1.406550239102146056e-02
-7.976942799398882566e-02
4.959819536546780292e-18
-8.100000000000000255e-02
1.406550239102132872e-02
-7.976942799398885342e-02
2.770363160937912642e-02
-7.611510228365860053e-02
4.049999999999995270e-02
-7.014805770653956274e-02
5.206579638460971660e-02
-6.204959989263719722e-02
6.204959989263725273e-02
-5.206579638460967496e-02
7.014805770653949335e-02
-4.050000000000004985e-02
7.611510228365857278e-02
-2.770363160937917846e-02
7.976942799398882566e-02
-1.406550239102148832e-02
8.100000000000001643e-02
-4.665018371596830777e-17
7.941670992784433114e-02
9.642934420425828407e-03
7.767534539408416094e-02
1.914525314300459177e-02
7.480129941483318334e-02
2.836839096340285082e-02
7.083648205225678840e-02
3.717785376350147414e-02
6.583870927149253205e-02
4.544517973849244996e-02
5.988085985368810787e-02
5.304981265926359685e-02
5.304981265926364542e-02
5.988085985368807318e-02
4.544517973849248466e-02
6.583870927149250429e-02
3.717785376350147414e-02
7.083648205225680228e-02
2.836839096340286470e-02
7.480129941483318334e-02
1.914525314300462647e-02
7.767534539408416094e-02
9.642934420425892592e-03
7.941670992784431726e-02
-9.642934420425868305e-03
7.941670992784433114e-02
-1.914525314300458483e-02
7.767534539408417482e-02
-2.836839096340285429e-02
7.480129941483318334e-02
-3.717785376350144638e-02
7.083648205225680228e-02
-4.544517973849244996e-02
6.583870927149253205e-02
-5.304981265926363154e-02
5.988085985368810094e-02
-5.988085985368807318e-02
5.304981265926363154e-02
-6.583870927149250429e-02
4.544517973849246384e-02
-7.083648205225680228e-02
3.717785376350146026e-02
-7.480129941483318334e-02
2.836839096340286817e-02
-7.767534539408416094e-02
1.914525314300461259e-02
-7.941670992784431726e-02
9.642934420425880448e-03
-7.941670992784431726e-02
-9.642934420425845754e-03
-7.767534539408416094e-02
-1.914525314300461259e-02
-7.480129941483319722e-02
-2.836839096340283695e-02
-7.083648205225680228e-02
-3.717785376350150189e-02
-6.583870927149251817e-02
-4.544517973849247078e-02
-5.988085985368812175e-02
-5.304981265926358991e-02
-5.304981265926362460e-02
-5.988085985368808706e-02
-4.544517973849248466e-02
-6.583870927149250429e-02
-3.717785376350148108e-02
-7.083648205225678840e-02
-2.836839096340285429e-02
-7.480129941483318334e-02
-1.914525314300463341e-02
-7.767534539408416094e-02
-9.642934420425866571e-03
-7.941670992784431726e-02
9.642934420425840550e-03
-7.941670992784431726e-02
1.914525314300460912e-02
-7.767534539408416094e-02
2.836839096340283348e-02
-7.480129941483319722e-02
3.717785376350148802e-02
-7.083648205225678840e-02
4.544517973849245690e-02
-6.583870927149251817e-02
5.304981265926359685e-02
-5.988085985368810787e-02
5.988085985368808012e-02
-5.304981265926363154e-02
6.583870927149250429e-02
-4.544517973849246384e-02
7.083648205225678840e-02
-3.717785376350150189e-02
7.480129941483318334e-02
-2.836839096340287858e-02
7.767534539408416094e-02
-1.914525314300462300e-02
7.941670992784431726e-02
-9.642934420425894326e-03
7.324752451077617965e-02
2.959392087985706493e-02
6.975285983585520488e-02
3.708825346008540885e-02
6.577959566799002067e-02
3.497563142754892690e-02
6.907519716522561581e-02
2.790819120948551807e-02
4.863725655072699550e-02
6.225284953493104290e-02
4.186362187442319721e-02
6.699579959635762472e-02
3.947898518537374529e-02
6.317958316365372695e-02
4.586677991176149605e-02
5.870680114370079028e-02
1.099467497584515410e-02
7.823117743058405349e-02
2.757060239497585372e-03
7.895187533450856443e-02
2.600012504336296753e-03
7.445461661292261668e-02
1.036839602152482727e-02
7.377497112124699330e-02
-2.959392087985713432e-02
7.324752451077616577e-02
-3.708825346008541579e-02
6.975285983585520488e-02
-3.497563142754892690e-02
6.577959566799002067e-02
-2.790819120948551807e-02
6.907519716522561581e-02
-6.225284953493103596e-02
4.863725655072698162e-02
-6.699579959635765247e-02
4.186362187442319027e-02
-6.317958316365372695e-02
3.947898518537376611e-02
-5.870680114370079722e-02
4.586677991176152380e-02
-7.823117743058408124e-02
1.099467497584519747e-02
-7.895187533450856443e-02
2.757060239497660832e-03
-7.445461661292263056e-02
2.600012504336301957e-03
-7.377497112124697942e-02
1.036839602152489666e-02
-7.324752451077617965e-02
-2.959392087985709269e-02
-6.975285983585519101e-02
-3.708825346008542273e-02
-6.577959566799003455e-02
-3.497563142754888527e-02
-6.907519716522564357e-02
-2.790819120948549031e-02
-4.863725655072698856e-02
-6.225284953493102902e-02
-4.186362187442320415e-02
-6.699579959635763859e-02
-3.947898518537377999e-02
-6.317958316365372695e-02
-4.586677991176153074e-02
-5.870680114370079028e-02
-1.099467497584518012e-02
-7.823117743058405349e-02
-2.757060239497610525e-03
-7.895187533450856443e-02
-2.600012504336353999e-03
-7.445461661292263056e-02
-1.036839602152491747e-02
-7.377497112124697942e-02
2.959392087985705799e-02
-7.324752451077617965e-02
3.708825346008541579e-02
-6.975285983585519101e-02
3.497563142754881588e-02
-6.577959566799006230e-02
2.790819120948537929e-02
-6.907519716522568520e-02
6.225284953493101514e-02
-4.863725655072705795e-02
6.699579959635763859e-02
-4.186362187442323191e-02
6.317958316365367144e-02
-3.947898518537386325e-02
5.870680114370071395e-02
-4.586677991176163482e-02
7.823117743058405349e-02
-1.099467497584519400e-02
7.895187533450856443e-02
-2.757060239497623536e-03
7.445461661292263056e-02
-2.600012504336340555e-03
7.377497112124699330e-02
-1.036839602152486717e-02
3.380740392011739176e-02
9.058666578588244964e-03
3.031088913245534588e-02
1.750000000000002248e-02
2.474873734152915200e-02
2.474873734152917976e-02
1.749999999999996697e-02
3.031088913245537711e-02
9.058666578588225882e-03
3.380740392011739176e-02
-9.058666578588238025e-03
3.380740392011739176e-02
-1.750000000000000513e-02
3.031088913245535282e-02
-2.474873734152918670e-02
2.474873734152914853e-02
-3.031088913245536670e-02
1.749999999999998779e-02
-3.380740392011739176e-02
9.058666578588220678e-03
-3.380740392011738482e-02
-9.058666578588250168e-03
-3.031088913245533548e-02
-1.750000000000003983e-02
-2.474873734152914159e-02
-2.474873734152919016e-02
-1.749999999999995309e-02
-3.031088913245538405e-02
-9.058666578588199861e-03
-3.380740392011739870e-02
9.058666578588250168e-03
-3.380740392011738482e-02
1.750000000000003289e-02
-3.031088913245533895e-02
2.474873734152919363e-02
-2.474873734152913465e-02
3.031088913245537017e-02
-1.749999999999998085e-02
3.380740392011739870e-02
-9.058666578588208534e-03
9.291148460711277923e-02
4.056603024976221383e-03
9.220437210776435966e-02
1.213893587646479311e-02
9.079552866215380436e-02
2.012888409624356487e-02
8.869567641958510384e-02
2.796563935389740144e-02
8.592079652354966957e-02
3.558955920995334615e-02
8.249200748557461438e-02
4.294262103085815657e-02
7.843540446059836524e-02
4.996886357625462266e-02
7.378186064708487646e-02
5.661481289781101350e-02
6.856679232334153551e-02
6.282988930825639251e-02
6.282988930825640639e-02
6.856679232334153551e-02
5.661481289781104126e-02
7.378186064708484870e-02
4.996886357625462266e-02
7.843540446059836524e-02
4.294262103085815657e-02
8.249200748557458662e-02
3.558955920995336697e-02
8.592079652354965569e-02
2.796563935389740491e-02
8.869567641958507609e-02
2.012888409624358915e-02
9.079552866215380436e-02
1.213893587646480872e-02
9.220437210776435966e-02
4.056603024976269956e-03
9.291148460711277923e-02
-4.056603024976237863e-03
9.291148460711277923e-02
-1.213893587646477923e-02
9.220437210776438741e-02
-2.012888409624355793e-02
9.079552866215380436e-02
-2.796563935389738409e-02
8.869567641958510384e-02
-3.558955920995334615e-02
8.592079652354966957e-02
-4.294262103085814269e-02
8.249200748557462826e-02
-4.996886357625458797e-02
7.843540446059837912e-02
-5.661481289781099269e-02
7.378186064708489034e-02
-6.282988930825636475e-02
6.856679232334157714e-02
-6.856679232334153551e-02
6.282988930825640639e-02
-7.378186064708484870e-02
5.661481289781104126e-02
-7.843540446059835136e-02
4.996886357625464348e-02
-8.249200748557460050e-02
4.294262103085819127e-02
-8.592079652354966957e-02
3.558955920995335309e-02
-8.869567641958507609e-02
2.796563935389741185e-02
-9.079552866215379048e-02
2.012888409624359609e-02
-9.220437210776435966e-02
1.213893587646483474e-02
-9.291148460711276535e-02
4.056603024976295976e-03
-9.291148460711277923e-02
-4.056603024976172811e-03
-9.220437210776438741e-02
-1.213893587646475494e-02
-9.079552866215381823e-02
-2.012888409624351282e-02
-8.869567641958513160e-02
-2.796563935389733899e-02
-8.592079652354969732e-02
-3.558955920995328370e-02
-8.249200748557464213e-02
-4.294262103085811494e-02
-7.843540446059836524e-02
-4.996886357625460878e-02
-7.378186064708487646e-02
-5.661481289781099963e-02
-6.856679232334154939e-02
-6.282988930825637863e-02
-6.282988930825642027e-02
-6.856679232334150775e-02
-5.661481289781102044e-02
-7.378186064708487646e-02
-4.996886357625466429e-02
-7.843540446059833748e-02
-4.294262103085817739e-02
-8.249200748557461438e-02
-3.558955920995340166e-02
-8.592079652354964181e-02
-2.796563935389743960e-02
-8.869567641958508997e-02
-2.012888409624363772e-02
-9.079552866215376272e-02
-1.213893587646488158e-02
-9.220437210776435966e-02
-4.056603024976258680e-03
-9.291148460711277923e-02
4.056603024976228322e-03
-9.291148460711277923e-02
1.213893587646476882e-02
-9.220437210776438741e-02
2.012888409624353017e-02
-9.079552866215381823e-02
2.796563935389735286e-02
-8.869567641958511772e-02
3.558955920995329064e-02
-8.592079652354968344e-02
4.294262103085810106e-02
-8.249200748557465601e-02
4.996886357625456021e-02
-7.843540446059840687e-02
5.661481289781102044e-02
-7.378186064708487646e-02
6.282988930825639251e-02
-6.856679232334153551e-02
6.856679232334150775e-02
-6.282988930825642027e-02
7.378186064708484870e-02
-5.661481289781104126e-02
7.843540446059835136e-02
-4.996886357625465042e-02
8.249200748557460050e-02
-4.294262103085819127e-02
8.592079652354964181e-02
-3.558955920995340860e-02
8.869567641958508997e-02
-2.796563935389746736e-02
9.079552866215376272e-02
-2.012888409624364813e-02
9.220437210776435966e-02
-1.213893587646488852e-02
9.291148460711277923e-02
-4.056603024976266486e-03
1.195901391608003711e-01
9.909521456679840773e-03
1.183633564083266809e-01
1.975135083368806041e-02
1.163280319127196344e-01
2.945825845689585554e-02
1.134980690040761631e-01
3.896393630456199825e-02
1.098927991986069080e-01
4.820345095835630589e-02
1.055368501447786905e-01
5.711368716444881893e-02
1.004599773915034328e-01
6.563377897469120648e-02
9.469686112756724172e-02
7.370552552276013469e-02
8.828686928077579543e-02
8.127378859508892217e-02
8.127378859508892217e-02
8.828686928077578155e-02
7.370552552276014857e-02
9.469686112756721397e-02
6.563377897469124811e-02
1.004599773915034189e-01
5.711368716444878424e-02
1.055368501447787044e-01
4.820345095835639609e-02
1.098927991986068525e-01
3.896393630456202600e-02
1.134980690040761492e-01
2.945825845689590758e-02
1.163280319127196344e-01
1.975135083368805000e-02
1.183633564083266809e-01
9.909521456679939652e-03
1.195901391608003711e-01
-9.909521456679899754e-03
1.195901391608003711e-01
-1.975135083368800837e-02
1.183633564083266670e-01
-2.945825845689586595e-02
1.163280319127196483e-01
-3.896393630456198437e-02
1.134980690040761631e-01
-4.820345095835632671e-02
1.098927991986068803e-01
-5.711368716444877730e-02
1.055368501447787183e-01
-6.563377897469120648e-02
1.004599773915034466e-01
-7.370552552276013469e-02
9.469686112756724172e-02
-8.127378859508893605e-02
8.828686928077576768e-02
-8.828686928077575380e-02
8.127378859508896380e-02
-9.469686112756721397e-02
7.370552552276014857e-02
-1.004599773915034189e-01
6.563377897469122035e-02
-1.055368501447787044e-01
5.711368716444879118e-02
-1.098927991986068664e-01
4.820345095835637528e-02
-1.134980690040761492e-01
3.896393630456203294e-02
-1.163280319127196483e-01
2.945825845689588676e-02
-1.183633564083266809e-01
1.975135083368802918e-02
-1.195901391608003711e-01
9.909521456679922305e-03
-1.195901391608003711e-01
-9.909521456679922305e-03
-1.183633564083266809e-01
-1.975135083368808470e-02
-1.163280319127196483e-01
-2.945825845689594227e-02
-1.134980690040761492e-01
-3.896393630456203294e-02
-1.098927991986068664e-01
-4.820345095835637528e-02
-1.055368501447786489e-01
-5.711368716444888832e-02
-1.004599773915033911e-01
-6.563377897469126199e-02
-9.469686112756718621e-02
-7.370552552276019020e-02
-8.828686928077575380e-02
-8.127378859508896380e-02
-8.127378859508886666e-02
-8.828686928077585094e-02
-7.370552552276003755e-02
-9.469686112756729723e-02
-6.563377897469115096e-02
-1.004599773915034744e-01
-5.711368716444872873e-02
-1.055368501447787322e-01
-4.820345095835618099e-02
-1.098927991986069497e-01
-3.896393630456185947e-02
-1.134980690040762047e-01
-2.945825845689573758e-02
-1.163280319127196760e-01
-1.975135083368795633e-02
-1.183633564083266948e-01
-9.909521456679847712e-03
-1.195901391608003711e-01
9.909521456679887610e-03
-1.195901391608003711e-01
1.975135083368807776e-02
-1.183633564083266809e-01
2.945825845689593533e-02
-1.163280319127196483e-01
3.896393630456208151e-02
-1.134980690040761353e-01
4.820345095835639609e-02
-1.098927991986068525e-01
5.711368716444888138e-02
-1.055368501447786628e-01
6.563377897469128974e-02
-1.004599773915033634e-01
7.370552552276023184e-02
-9.469686112756715846e-02
8.127378859508897768e-02
-8.828686928077575380e-02
8.828686928077586482e-02
-8.127378859508885278e-02
9.469686112756732499e-02
-7.370552552276002367e-02
1.004599773915034883e-01
-6.563377897469112321e-02
1.055368501447787322e-01
-5.711368716444872179e-02
1.098927991986069497e-01
-4.820345095835618793e-02
1.134980690040761908e-01
-3.896393630456190110e-02
1.163280319127196899e-01
-2.945825845689572370e-02
1.183633564083266809e-01
-1.975135083368798755e-02
1.195901391608003711e-01
-9.909521456679826895e-03
